5 scenarios
best objective 1243.4329, best bound 1291.9536 gap 3.9022%
1 2 5 6 7 8 9 10 11 12 13 14 15 17 18 19 
335.17685008
c101.txt
Best objective 1244.1789, best bound 1.304851512199e+03, gap 4.8765%
1 2 3 4 5 6 7 8 9 10 11 12 13 15 16 17 18 
168.436100006
c102.txt
Best objective 1.261177051153e+03, best bound 1.315883002655e+03, gap 4.3377%
1 2 3 4 5 6 7 8 9 10 11 12 13 14 15 16 18 19 
81.2547361851
c103.txt
Best objective 1.301781610010e+03, best bound 1.322411291740e+03, gap 1.5847%
1 2 3 4 5 6 7 8 9 10 11 12 13 14 15 16 17 18 19 
27.5750830173
c104.txt
Best objective 1.257317254331e+03, best bound 1.313874246050e+03, gap 4.4982%
1 2 4 5 6 7 8 9 10 11 12 13 14 15 16 17 18 19 
568.757343054
c105.txt
Best objective 1.246202291182e+03, best bound 1.292905690657e+03, gap 3.7477%
1 2 3 4 5 6 7 8 9 10 11 12 13 14 15 16 17 19 
427.63762784
c106.txt
Best objective 1.232998362652e+03, best bound 1.310865699665e+03, gap 6.3153%
1 2 3 4 5 6 7 8 9 10 11 12 13 14 15 17 
25200.3413141
c107.txt
Best objective 1.265947555407e+03, best bound 1.319692452726e+03, gap 4.2454%
1 2 3 4 5 6 7 8 9 10 11 12 13 14 15 17 18 19 
2080.96586299
c108.txt
Best objective 1.268625932077e+03, best bound 1.324034550341e+03, gap 4.3676%
1 2 3 4 5 6 7 8 9 10 11 12 13 14 15 17 19 
883.553956032
c109.txt

Best objective 1.197138136990e+03, best bound 1.256801687163e+03, gap 4.9838%
1 2 3 4 6 7 8 9 10 11 12 13 14 15 16 17 18 19 
444.838876009
c201.txt
Best objective 1.225272682872e+03, best bound 1.281873922092e+03, gap 4.6195%
1 2 3 4 5 6 7 8 9 10 11 12 13 14 15 16 17 18 19 
70.0900878906
c202.txt
Best objective 1.221074997732e+03, best bound 1.282019743226e+03, gap 4.9911%
1 2 3 4 5 6 7 8 9 10 11 12 13 14 15 16 17 18 19 
52.4996521473
c203.txt
Best objective 1.235194933836e+03, best bound 1.296518487681e+03, gap 4.9647%
1 2 3 5 6 7 8 9 10 11 12 13 14 15 16 17 18 19 
32.5625479221
c204.txt
Best objective 1.211852233720e+03, best bound 1.271062186900e+03, gap 4.8859%
1 2 3 4 5 6 7 8 9 10 11 12 13 14 15 16 17 18 19 
323.550266027
c205.txt
Best objective 1.204122113888e+03, best bound 1.264323067711e+03, gap 4.9996%
1 2 3 4 7 8 9 10 11 12 13 14 15 16 17 18 19 
1334.93793082
c206.txt
Best objective 1.211526224723e+03, best bound 1.267475167238e+03, gap 4.6181%
1 2 3 4 6 7 8 9 10 11 12 13 14 15 16 17 18 19 
389.836742878
c207.txt
Best objective 1.214715825946e+03, best bound 1.271768236571e+03, gap 4.6968%
1 2 3 4 5 6 7 8 9 10 11 12 13 14 15 16 17 18 19 
223.93014884
c208.txt



c101.txt   17   1039.62984865   0.124890089035 [1, 2, 3, 5, 7, 8, 9, 10, 11, 12, 14, 15, 16, 17, 18, 19, 20, 21]
c102.txt   14   879.480571581   0.523607969284 [1, 2, 3, 4, 5, 6, 7, 12, 13, 15, 16, 17, 18, 19, 21]
c103.txt   14   900.867482749   0.207001924515 [1, 2, 3, 4, 5, 6, 7, 12, 13, 15, 16, 17, 18, 19, 21]
c104.txt   19   950.397845669   0.0210919380188 [1, 2, 3, 4, 5, 6, 7, 8, 9, 10, 11, 12, 14, 15, 16, 17, 18, 19, 20, 21]
c105.txt   19   1174.26177882   0.0226500034332 [1, 2, 3, 4, 5, 6, 7, 8, 9, 10, 11, 12, 13, 14, 15, 16, 18, 19, 20, 21]
c106.txt   17   922.700822746   0.124211072922 [1, 3, 4, 5, 6, 7, 8, 9, 10, 11, 14, 15, 16, 17, 18, 19, 20, 21]
c107.txt   19   1174.26177882   0.0530440807343 [1, 2, 3, 4, 5, 6, 7, 8, 9, 10, 11, 12, 13, 14, 15, 16, 18, 19, 20, 21]
c108.txt   20   1265.28310844   0.00516796112061 [1, 2, 3, 4, 5, 6, 7, 8, 9, 10, 11, 12, 13, 14, 15, 16, 17, 18, 19, 20, 21]
c109.txt   20   1290.477909   0.00521993637085 [1, 2, 3, 4, 5, 6, 7, 8, 9, 10, 11, 12, 13, 14, 15, 16, 17, 18, 19, 20, 21]
c201.txt   20   1056.8229005   0.00559520721436 [1, 2, 3, 4, 5, 6, 7, 8, 9, 10, 11, 12, 13, 14, 15, 16, 17, 18, 19, 20, 21]
c202.txt   20   1176.697329   0.00522303581238 [1, 2, 3, 4, 5, 6, 7, 8, 9, 10, 11, 12, 13, 14, 15, 16, 17, 18, 19, 20, 21]
c203.txt   19   1142.26143008   0.016902923584 [1, 2, 3, 5, 6, 7, 8, 9, 10, 11, 12, 13, 14, 15, 16, 17, 18, 19, 20, 21]
c204.txt   20   1133.89931354   0.00419497489929 [1, 2, 3, 4, 5, 6, 7, 8, 9, 10, 11, 12, 13, 14, 15, 16, 17, 18, 19, 20, 21]
c205.txt   19   1165.77778186   0.0227429866791 [1, 2, 3, 4, 5, 7, 8, 9, 10, 11, 12, 13, 14, 15, 16, 17, 18, 19, 20, 21]
c206.txt   19   1165.77778186   0.0196352005005 [1, 2, 3, 4, 5, 7, 8, 9, 10, 11, 12, 13, 14, 15, 16, 17, 18, 19, 20, 21]
c207.txt   19   1065.1873997   0.0197329521179 [1, 2, 3, 4, 5, 7, 8, 9, 10, 11, 12, 13, 14, 15, 16, 17, 18, 19, 20, 21]
c208.txt   19   1165.77778186   0.0195801258087 [1, 2, 3, 4, 5, 7, 8, 9, 10, 11, 12, 13, 14, 15, 16, 17, 18, 19, 20, 21]

GA
c101.txt 19 1275.66947591 3019.22078514 [1, 2, 3, 4, 5, 6, 7, 8, 9, 10, 11, 12, 13, 14, 15, 16, 17, 18, 19]
c102.txt 17 1042.00910162 19135.824368 [1, 2, 3, 5, 6, 7, 9, 10, 11, 12, 13, 14, 15, 16, 17, 19, 20]
c103.txt 18 973.256716437 9549.156 [1, 2, 3, 4, 5, 6, 7, 8, 9, 12, 13, 14, 15, 16, 17, 18, 19, 20]
c104.txt 18 1105.10587766 3895.828  [1, 2, 3, 4, 5, 6, 7, 9, 10, 12, 13, 14, 15, 16, 17, 18, 19, 20]
c105.txt 20 1174.26177882 13200.561 [1, 2, 3, 4, 5, 6, 7, 8, 9, 10, 11, 12, 13, 14, 15, 16, 17, 18, 19, 20]
c106.txt 18 1118.72052345 9474.69935608 [1, 2, 3, 4, 6, 7, 8, 9, 10, 11, 12, 13, 14, 15, 16, 18, 19, 20]
c107.txt 20 1174.26177882  9374.857[1, 2, 3, 4, 5, 6, 7, 8, 9, 10, 11, 12, 13, 14, 15, 16, 17, 18, 19, 20]
c108.txt 19 1098.8162221  5347.490 [1, 2, 3, 4, 5, 6, 7, 8, 10, 11, 12, 13, 14, 15, 16, 17, 18, 19, 20]
c109.txt 18 1127.96906716 4001.498[1, 2, 3, 4, 6, 7, 8, 9, 10, 11, 12, 13, 14, 15, 16, 17, 19, 20]
c201.txt 18 1072.73444474 976.990 [1, 2, 3, 4, 5, 6, 7, 8, 9, 10, 11, 12, 13, 14, 15, 16, 17, 20]
c202.txt 19 1165.25417094 1351.945 [1, 2, 3, 4, 5, 6, 7, 8, 9, 10, 11, 12, 13, 14, 15, 16, 17, 18, 19]
c203.txt 19 1158.27528014 1518.356 [1, 2, 3, 5, 6, 7, 8, 9, 10, 11, 12, 13, 14, 15, 16, 17, 18, 19, 20]
c204.txt 19 1153.49660685 1521.069 [1, 2, 3, 4, 5, 7, 8, 9, 10, 11, 12, 13, 14, 15, 16, 17, 18, 19, 20]
c205.txt 20 1165.77778186 1706.649 [1, 2, 3, 4, 5, 6, 7, 8, 9, 10, 11, 12, 13, 14, 15, 16, 17, 18, 19, 20]
c206.txt 20 1165.77778186 2596.161  [1, 2, 3, 4, 5, 6, 7, 8, 9, 10, 11, 12, 13, 14, 15, 16, 17, 18, 19, 20]
c207.txt 19 1078.1682362  1405.238 [1, 2, 3, 4, 5, 6, 7, 9, 10, 11, 12, 13, 14, 15, 16, 17, 18, 19, 20]
c208.txt 20 1165.77778186  1164.634  [1, 2, 3, 4, 5, 6, 7, 8, 9, 10, 11, 12, 13, 14, 15, 16, 17, 18, 19, 20]
