1 2 3 4 5 6 7 8 9 10 11 12 13 14 15 16 17 18 19 20
0.03158035257796411
1 2 3 5 6 7 8 9 10 11 12 13 14 15 16 17 18 19 20
0.023991040213788218
1 2 3 4 5 6 7 8 9 10 11 12 13 14 15 16 17 18 20
0.014207488476199551
1 2 3 4 5 6 8 9 10 11 12 13 14 15 16 17 18 19 20
0.015820841061114504
1 2 3 4 5 6 7 8 9 10 11 12 13 14 15 17 18 19 20
0.016348117830959654
1 2 3 4 6 7 8 9 10 11 12 13 14 15 16 17 18 19 20
0.02699624667356605
1 2 3 6 7 8 9 10 11 12 13 14 15 16 17 18 19 20
0.02050857532283519
1 2 3 4 6 8 9 10 11 12 13 14 15 16 17 18 19 20
0.01352433690582512
1 2 3 4 6 7 8 9 10 11 12 13 14 15 17 18 19 20
0.013975075817268217
1 2 3 5 6 7 8 9 10 11 12 13 14 15 17 18 19 20
0.012419378514981285
