5 scenarios
Best objective 1.243432918219e+03, best bound 1.291953579186e+03, gap 3.9022%
1 2 5 6 7 8 9 10 11 12 13 14 15 17 18 19 
335.17685008
c101.txt
Best objective 1.244178926819e+03, best bound 1.304851512199e+03, gap 4.8765%
1 2 3 4 5 6 7 8 9 10 11 12 13 15 16 17 18 
168.436100006
c102.txt
Best objective 1.261177051153e+03, best bound 1.315883002655e+03, gap 4.3377%
1 2 3 4 5 6 7 8 9 10 11 12 13 14 15 16 18 19 
81.2547361851
c103.txt
Best objective 1.301781610010e+03, best bound 1.322411291740e+03, gap 1.5847%
1 2 3 4 5 6 7 8 9 10 11 12 13 14 15 16 17 18 19 
27.5750830173
c104.txt
Best objective 1.257317254331e+03, best bound 1.313874246050e+03, gap 4.4982%
1 2 4 5 6 7 8 9 10 11 12 13 14 15 16 17 18 19 
568.757343054
c105.txt
Best objective 1.246202291182e+03, best bound 1.292905690657e+03, gap 3.7477%
1 2 3 4 5 6 7 8 9 10 11 12 13 14 15 16 17 19 
427.63762784
c106.txt
Best objective 1.232998362652e+03, best bound 1.310865699665e+03, gap 6.3153%
1 2 3 4 5 6 7 8 9 10 11 12 13 14 15 17 
25200.3413141
c107.txt
Best objective 1.265947555407e+03, best bound 1.319692452726e+03, gap 4.2454%
1 2 3 4 5 6 7 8 9 10 11 12 13 14 15 17 18 19 
2080.96586299
c108.txt

Best objective 1.197138136990e+03, best bound 1.256801687163e+03, gap 4.9838%
1 2 3 4 6 7 8 9 10 11 12 13 14 15 16 17 18 19 
444.838876009
c201.txt
Best objective 1.225272682872e+03, best bound 1.281873922092e+03, gap 4.6195%
1 2 3 4 5 6 7 8 9 10 11 12 13 14 15 16 17 18 19 
70.0900878906
c202.txt
Best objective 1.221074997732e+03, best bound 1.282019743226e+03, gap 4.9911%
1 2 3 4 5 6 7 8 9 10 11 12 13 14 15 16 17 18 19 
52.4996521473
c203.txt
Best objective 1.235194933836e+03, best bound 1.296518487681e+03, gap 4.9647%
1 2 3 5 6 7 8 9 10 11 12 13 14 15 16 17 18 19 
32.5625479221
c204.txt
Best objective 1.211852233720e+03, best bound 1.271062186900e+03, gap 4.8859%
1 2 3 4 5 6 7 8 9 10 11 12 13 14 15 16 17 18 19 
323.550266027
c205.txt
Best objective 1.204122113888e+03, best bound 1.264323067711e+03, gap 4.9996%
1 2 3 4 7 8 9 10 11 12 13 14 15 16 17 18 19 
1334.93793082
c206.txt

