


3000 1 0.05

vehicle =3

c101.txt 19 1275.66947591 3019.22078514 [1, 2, 3, 4, 5, 6, 7, 8, 9, 10, 11, 12, 13, 14, 15, 16, 17, 18, 19]
c102.txt 17 1042.00910162 3173.29202986  [1, 2, 3, 5, 6, 7, 9, 10, 11, 12, 13, 14, 15, 16, 17, 19, 20]3000
c103.txt 18 973.256716437 3973.25491691  [1, 2, 3, 4, 5, 6, 7, 8, 9, 12, 13, 14, 15, 16, 17, 18, 19, 20]3000
c104.txt 18 1105.10587766 3991.33031487  [1, 2, 3, 4, 5, 6, 7, 9, 10, 12, 13, 14, 15, 16, 17, 18, 19, 20]3000
c105.txt 19 1124.42681273 3010.72967696  [2, 3, 4, 5, 6, 7, 8, 9, 10, 11, 12, 13, 14, 15, 16, 17, 18, 19, 20]3000
c106.txt 18 1118.72052345 6147.45811296  [1, 2, 3, 4, 6, 7, 8, 9, 10, 11, 12, 13, 14, 15, 16, 18, 19, 20]3000
c107.txt 20 1174.26177882 3040.74820423  [1, 2, 3, 4, 5, 6, 7, 8, 9, 10, 11, 12, 13, 14, 15, 16, 17, 18, 19, 20]3000
c108.txt 19 1098.8162221 1744.900491  [1, 2, 3, 4, 5, 6, 7, 8, 10, 11, 12, 13, 14, 15, 16, 17, 18, 19, 20]3000
c109.txt 18 1127.96906716 1603.19985199  [1, 2, 3, 4, 6, 7, 8, 9, 10, 11, 12, 13, 14, 15, 16, 17, 19, 20]3000
c201.txt 18 1072.73444474 1305.59120703  [1, 2, 3, 4, 5, 7, 8, 9, 10, 11, 12, 13, 14, 15, 16, 17, 18, 20]3000
c202.txt 19 1165.25417094 2124.32649612  [1, 2, 3, 4, 5, 7, 8, 9, 10, 11, 12, 13, 14, 15, 16, 17, 18, 19, 20]3000
c203.txt 19 1158.27528014 2179.43270707  [1, 2, 3, 5, 6, 7, 8, 9, 10, 11, 12, 13, 14, 15, 16, 17, 18, 19, 20]3000
c204.txt 19 1153.49660685 2248.17740512  [1, 2, 3, 4, 5, 7, 8, 9, 10, 11, 12, 13, 14, 15, 16, 17, 18, 19, 20]3000
c205.txt 20 1165.77778186 2514.31582403  [1, 2, 3, 4, 5, 6, 7, 8, 9, 10, 11, 12, 13, 14, 15, 16, 17, 18, 19, 20]3000
c206.txt 20 1165.77778186 3903.21788192  [1, 2, 3, 4, 5, 6, 7, 8, 9, 10, 11, 12, 13, 14, 15, 16, 17, 18, 19, 20]3000
c207.txt 19 1078.1682362 2064.63315296  [1, 2, 3, 4, 5, 6, 7, 9, 10, 11, 12, 13, 14, 15, 16, 17, 18, 19, 20]3000
c208.txt 20 1165.77778186 1708.55762386  [1, 2, 3, 4, 5, 6, 7, 8, 9, 10, 11, 12, 13, 14, 15, 16, 17, 18, 19, 20]3000

vehicle = 2
c101.txt 19 1275.66947591 3019.22078514 [1, 2, 3, 4, 5, 6, 7, 8, 9, 10, 11, 12, 13, 14, 15, 16, 17, 18, 19]
c102.txt 17 1042.00910162 2549.20381308  [1, 2, 3, 5, 6, 7, 9, 10, 11, 12, 13, 14, 15, 16, 17, 19, 20]
c103.txt 18 973.256716437 4610.58347797 [1, 2, 3, 4, 5, 6, 7, 8, 9, 12, 13, 14, 15, 16, 17, 18, 19, 20]
c104.txt 18 1105.10587766 3895.828  [1, 2, 3, 4, 5, 6, 7, 9, 10, 12, 13, 14, 15, 16, 17, 18, 19, 20]
c105.txt 20 1174.26177882 3093.8541 [1, 2, 3, 4, 5, 6, 7, 8, 9, 10, 11, 12, 13, 14, 15, 16, 17, 18, 19, 20]
c106.txt 18 1118.72052345 6994.40592909 [1, 2, 3, 4, 6, 7, 8, 9, 10, 11, 12, 13, 14, 15, 16, 18, 19, 20]
c107.txt 20 1174.26177882 4743.16505098 [1, 2, 3, 4, 5, 6, 7, 8, 9, 10, 11, 12, 13, 14, 15, 16, 17, 18, 19, 20]
c108.txt 19 1098.8162221 1860.40483785 [1, 2, 3, 4, 5, 6, 7, 8, 10, 11, 12, 13, 14, 15, 16, 17, 18, 19, 20]
c109.txt 18 1127.96906716 1877.31084299 [1, 2, 3, 4, 6, 7, 8, 9, 10, 11, 12, 13, 14, 15, 16, 17, 19, 20]
c201.txt 18 1072.73444474 1278.60957193 [1, 2, 3, 4, 5, 6, 7, 8, 9, 10, 11, 12, 13, 14, 15, 16, 17, 20]
c202.txt 19 1165.25417094 2069.5317471 [1, 2, 3, 4, 5, 6, 7, 8, 9, 10, 11, 12, 13, 14, 15, 16, 17, 18, 19]
c203.txt 19 1158.27528014 2267.78505802 [1, 2, 3, 4, 5, 7, 8, 9, 10, 11, 12, 13, 14, 15, 16, 17, 18, 19, 20]
c204.txt 19 1153.49660685 2276.23916602 [1, 2, 3, 4, 5, 7, 8, 9, 10, 11, 12, 13, 14, 15, 16, 17, 18, 19, 20]
c205.txt 20 1165.77778186 2562.12099981 [1, 2, 3, 4, 5, 6, 7, 8, 9, 10, 11, 12, 13, 14, 15, 16, 17, 18, 19, 20]
c206.txt 20 1165.77778186 3966.21002889 [1, 2, 3, 4, 5, 6, 7, 8, 9, 10, 11, 12, 13, 14, 15, 16, 17, 18, 19, 20]
c207.txt 19 1078.1682362 2093.8895781 [1, 2, 3, 4, 5, 6, 7, 9, 10, 11, 12, 13, 14, 15, 16, 17, 18, 19, 20]
c208.txt 20 1165.77778186 1775.90765786 [1, 2, 3, 4, 5, 6, 7, 8, 9, 10, 11, 12, 13, 14, 15, 16, 17, 18, 19, 20]



vehicle =1

c101.txt 11 732.870383844 665.040207148  [1, 2, 4, 6, 9, 11, 12, 13, 15, 17, 18]3000
c102.txt 9 672.910024637 842.776311159  [9, 12, 13, 14, 15, 16, 17, 18, 19]3000
c103.txt 11 675.652860354 1784.73479795  [2, 3, 5, 6, 7, 8, 9, 12, 16, 17, 18]3000
c104.txt 12 707.637439151 2159.60268092  [1, 2, 3, 6, 7, 8, 9, 12, 14, 16, 17, 19]3000
c105.txt 11 746.035435793 1309.09440708  [1, 2, 6, 9, 11, 13, 15, 16, 17, 18, 19]3000
c106.txt 11 732.870383844 732.321511984  [1, 2, 4, 6, 9, 11, 13, 14, 15, 17, 18]3000
c107.txt 11 746.035435793 1750.46077108  [1, 2, 6, 7, 9, 11, 13, 15, 17, 18, 19]3000
c108.txt 11 746.035435793 2210.6547699  [1, 2, 6, 7, 9, 11, 13, 15, 17, 18, 19]3000

c201.txt 18 1072.73444474 938.004914045  [1, 2, 3, 4, 5, 7, 8, 9, 10, 11, 12, 13, 14, 15, 16, 17, 19, 20]3000
c202.txt 19 1165.25417094 2099.85210919  [1, 2, 3, 4, 5, 6, 7, 8, 9, 10, 11, 12, 13, 14, 15, 16, 17, 18, 19]3000
c203.txt 19 1158.27528014 1949.4320159  [1, 2, 3, 5, 6, 7, 8, 9, 10, 11, 12, 13, 14, 15, 16, 17, 18, 19, 20]3000
c204.txt 19 1153.49660685 2329.21549606  [1, 2, 3, 4, 5, 7, 8, 9, 10, 11, 12, 13, 14, 15, 16, 17, 18, 19, 20]3000
c205.txt 20 1165.77778186 2531.59147811  [1, 2, 3, 4, 5, 6, 7, 8, 9, 10, 11, 12, 13, 14, 15, 16, 17, 18, 19, 20]3000
c206.txt 20 1165.77778186 3935.52594304  [1, 2, 3, 4, 5, 6, 7, 8, 9, 10, 11, 12, 13, 14, 15, 16, 17, 18, 19, 20]3000
c207.txt 20 1065.1873997 2460.29425788  [1, 2, 3, 4, 5, 6, 7, 8, 9, 10, 11, 12, 13, 14, 15, 16, 17, 18, 19, 20]3000
c208.txt 20 1165.77778186 1773.77248096  [1, 2, 3, 4, 5, 6, 7, 8, 9, 10, 11, 12, 13, 14, 15, 16, 17, 18, 19, 20]3000


Large scale test

vehicle =3
c101.txt 19 389.767623279 6130.79481602  [1, 2, 3, 4, 6, 7, 8, 9, 10, 11, 12, 13, 14, 15, 16, 17, 18, 19, 20]3000
c102.txt 17 357.463090522 3707.42666101  [1, 2, 3, 4, 5, 6, 7, 8, 9, 11, 13, 14, 15, 16, 17, 18, 19]3000
c103.txt 19 344.512934611 8070.26124001  [1, 2, 3, 4, 5, 6, 7, 8, 9, 10, 11, 12, 13, 14, 15, 16, 17, 18, 19]3000
c104.txt 18 383.567338579 3930.16350794  [1, 2, 3, 4, 5, 6, 7, 9, 10, 12, 13, 14, 15, 16, 17, 18, 19, 20]3000
c105.txt 19 389.895992724 3058.7803731  [2, 3, 4, 5, 6, 7, 8, 9, 10, 11, 12, 13, 14, 15, 16, 17, 18, 19, 20]3000
c106.txt 18 381.512118342 5969.29745603  [1, 2, 3, 4, 6, 7, 8, 9, 10, 11, 12, 13, 14, 15, 16, 18, 19, 20]3000
c107.txt 20 406.219647015 3099.79883981  [1, 2, 3, 4, 5, 6, 7, 8, 9, 10, 11, 12, 13, 14, 15, 16, 17, 18, 19, 20]3000
c108.txt 20 393.07259806 1827.68611503  [1, 2, 3, 4, 5, 6, 7, 8, 9, 10, 11, 12, 13, 14, 15, 16, 17, 18, 19, 20]3000
c109.txt 18 386.538195684 1683.47489905  [1, 2, 4, 5, 6, 7, 8, 9, 10, 11, 12, 13, 14, 15, 16, 17, 19, 20]3000


c109.txt 11 746.464314544 2688.98742294  [1, 2, 3, 6, 7, 9, 11, 13, 14, 15, 17]3000
