#!/usr/bin/env python2
# -*- coding: utf-8 -*-
"""
Created on Thu Jun 11 20:54:07 2020

@author: sylvia
"""
c101.txt   1.4678030014   1663.76767502   11 2
c102.txt   0.642828941345   2218.60627616   16 2
c103.txt   0.845247030258   2730.64097865   18 2
c104.txt   0.773761987686   3031.20728921   18 2
c105.txt   0.689352035522   2107.66701144   16 2
c106.txt   0.708853006363   2112.44809747   16 2
c107.txt   0.717911958694   2082.44809747   16 2
c108.txt   0.742202997208   2465.4021383   19 2
c109.txt   0.805439949036   2963.76767502   21 2
c201.txt   3.39517903328   2012.16663442   12 2
c202.txt   5.90937399864   2730.64097865   20 2
c203.txt   2.95894789696   3820.59341874   26 2
c204.txt   1.93705892563   3948.36609915   27 2
c205.txt   7.09300804138   2412.6589461   20 2
c206.txt   6.56305003166   3287.63355438   28 2
c207.txt   4.70675086975   3737.63355438   28 2
c208.txt   6.03256011009   3587.63355438   31 2
r101.txt   1.31596803665   653.117248146   5 2
r102.txt   0.767660140991   1304.3170158   9 2
r103.txt   0.750400066376   1536.6886117   11 2
r104.txt   0.651725053787   1806.4328429   14 2
r105.txt   0.806463003159   1319.66991856   7 2
r106.txt   0.748195171356   1477.02438959   10 2
r107.txt   0.7430331707   1631.23776198   12 2
r108.txt   0.653609991074   1937.67058682   15 2
r109.txt   2.45086097717   1739.36054875   10 2
r110.txt   2.44955515862   1766.77698231   10 2
r111.txt   0.744493961334   1714.86153715   13 2
r112.txt   0.681985139847   1635.0   12 2
1 1 10 2,5 20  allowable_time =  100
(previous)

c101.txt   0.664117097855   0.0   15 2
c102.txt   0.669136047363   0.0   17 2
c103.txt   0.753212928772   2730.64097865   18 2
c104.txt   0.743932962418   3031.20728921   18 2
c105.txt   0.68727016449   0.0   18 2
c106.txt   0.709771156311   0.0   18 2
c107.txt   0.729758024216   0.0   20 2
c108.txt   0.770222902298   0.0   20 2
c109.txt   0.780931949615   0.0   20 2
c201.txt   5.31002783775   0.0   19 2
c202.txt   6.91718482971   1303.75602611   20 2
c203.txt   3.40898084641   3243.57712029   26 2
c204.txt   1.86978292465   3948.36609915   27 2
c205.txt   6.22764086723   0.0   24 2
c206.txt   5.05142402649   0.0   28 2
c207.txt   3.09443902969   2290.03037437   30 2
c208.txt   5.93846607208   1605.30904289   33 2
r101.txt   2.26724600792   0.0   8 2
r102.txt   0.791166067123   0.0   10 2
r103.txt   0.667683839798   0.0   11 2
r104.txt   0.679388046265   1806.4328429   14 2
r105.txt   1.94142007828   0.0   10 2
r106.txt   0.708901882172   0.0   10 2
r107.txt   0.665152072906   0.0   11 2
r108.txt   0.642920017242   1937.67058682   15 2
r109.txt   1.34832000732   0.0   11 2
r110.txt   1.24185800552   0.0   12 2
r111.txt   0.673148155212   0.0   11 2
r112.txt   0.668742179871   79.7930691497   12 2
1 1 10 2.5 0  allowable_time =  100

c101.txt   1.4211461544   1663.76767502   11 2
c102.txt   0.624696969986   2218.60627616   16 2
c103.txt   0.751698970795   2730.64097865   18 2
c104.txt   0.737972021103   3031.20728921   18 2
c105.txt   0.668008089066   2107.66701144   16 2
c106.txt   0.702136993408   2112.44809747   16 2
c107.txt   0.689846038818   2082.44809747   16 2
c108.txt   0.72749710083   2465.4021383   19 2
c109.txt   0.770509958267   2808.9899612   21 2
c201.txt   3.3474419117   2012.16663442   12 2
c202.txt   5.82665920258   2730.64097865   20 2
c203.txt   2.8806810379   3820.59341874   26 2
c204.txt   1.90285301208   3948.36609915   27 2
c205.txt   6.99471998215   2412.6589461   20 2
c206.txt   6.41730594635   3287.63355438   28 2
c207.txt   4.62926912308   3737.63355438   28 2
c208.txt   5.95411086082   3587.63355438   31 2
r101.txt   1.29888987541   653.117248146   5 2
r102.txt   0.747767925262   1304.3170158   9 2
r103.txt   0.738049983978   1536.6886117   11 2
r104.txt   0.656661987305   1806.4328429   14 2
r105.txt   3.32380008698   1174.02491942   8 2
r106.txt   0.715385198593   1477.02438959   10 2
r107.txt   0.722044944763   1631.23776198   12 2
r108.txt   0.646254062653   1937.67058682   15 2
r109.txt   3.29266405106   1695.65558743   9 2
r110.txt   2.38236498833   1766.77698231   10 2
r111.txt   0.73766708374   1456.83407243   11 2
r112.txt   0.667902946472   1635.0   12 2
1 1 10 2.5 5  allowable_time =  100

c101.txt   1.45805191994   1663.76767502   11 2
c102.txt   0.635443925858   2218.60627616   16 2
c103.txt   0.754009962082   2730.64097865   18 2
c104.txt   0.761965990067   3031.20728921   18 2
c105.txt   0.677906036377   2107.66701144   16 2
c106.txt   0.707100152969   2112.44809747   16 2
c107.txt   0.700376033783   2082.44809747   16 2
c108.txt   0.737049102783   2465.4021383   19 2
c109.txt   0.78174495697   2963.76767502   21 2
c201.txt   3.37196516991   2012.16663442   12 2
c202.txt   5.92997193336   2730.64097865   20 2
c203.txt   2.9281668663   3820.59341874   26 2
c204.txt   1.93784308434   3948.36609915   27 2
c205.txt   6.97550296783   2412.6589461   20 2
c206.txt   6.49923396111   3287.63355438   28 2
c207.txt   4.62572097778   3737.63355438   28 2
c208.txt   5.95765209198   3587.63355438   31 2
r101.txt   1.32661008835   653.117248146   5 2
r102.txt   0.763938188553   1304.3170158   9 2
r103.txt   0.73762512207   1536.6886117   11 2
r104.txt   0.662868976593   1806.4328429   14 2
r105.txt   3.3904209137   1174.02491942   8 2
r106.txt   0.72000002861   1477.02438959   10 2
r107.txt   0.726782083511   1631.23776198   12 2
r108.txt   0.647632837296   1937.67058682   15 2
r109.txt   3.36196494102   1695.65558743   9 2
r110.txt   2.45524692535   1766.77698231   10 2
r111.txt   0.727225780487   1714.86153715   13 2
r112.txt   0.677423000336   1635.0   12 2
1 1 10 2.5 10  allowable_time =  100

c101.txt   1.43461799622   1663.76767502   11 2
c102.txt   0.637327194214   2218.60627616   16 2
c103.txt   0.745235919952   2730.64097865   18 2
c104.txt   0.761330842972   3031.20728921   18 2
c105.txt   0.581537008286   1772.82878853   12 2
c106.txt   0.726082086563   2034.97643168   14 2
c107.txt   0.71425485611   2050.0577166   15 2
c108.txt   0.74840092659   2434.97643168   18 2
c109.txt   0.786524057388   2963.76767502   21 2
c201.txt   3.35389995575   2012.16663442   12 2
c202.txt   5.82051491737   2730.64097865   20 2
c203.txt   2.86000800133   3820.59341874   26 2
c204.txt   1.89031291008   3948.36609915   27 2
c205.txt   7.06796503067   2190.46756337   17 2
c206.txt   6.62431001663   2690.77903143   20 2
c207.txt   4.6504650116   3737.63355438   28 2
c208.txt   6.26720499992   2990.77903143   23 2
r101.txt   0.991879940033   516.248517119   4 2
r102.txt   0.774350166321   1304.3170158   9 2
r103.txt   0.739726066589   1536.6886117   11 2
r104.txt   0.651511907578   1806.4328429   14 2
r105.txt   0.790364980698   1319.66991856   7 2
r106.txt   0.734440088272   1477.02438959   10 2
r107.txt   0.733167886734   1631.23776198   12 2
r108.txt   0.635587215424   1937.67058682   15 2
r109.txt   2.37540102005   1739.36054875   10 2
r110.txt   2.40317201614   1766.77698231   10 2
r111.txt   0.730051994324   1714.86153715   13 2
r112.txt   1.54809117317   1608.46317239   11 2
1 0 10 2.5 20  allowable_time =  100

c101.txt   1.40507984161   1663.76767502   11 2
c102.txt   0.635814905167   2218.60627616   16 2
c103.txt   0.735579967499   2730.64097865   18 2
c104.txt   0.739457845688   3031.20728921   18 2
c105.txt   0.724549055099   2102.12609124   16 2
c106.txt   0.759238958359   2106.90717728   16 2
c107.txt   0.755742073059   2126.90717728   17 2
c108.txt   0.737066984177   2465.4021383   19 2
c109.txt   0.78264093399   2963.76767502   21 2
c201.txt   5.26825594902   1938.04594981   14 2
c202.txt   5.76297616959   2730.64097865   20 2
c203.txt   2.90113592148   3820.59341874   26 2
c204.txt   1.88785386086   3948.36609915   27 2
c205.txt   7.73821592331   2438.04594981   21 2
c206.txt   6.41426301003   3287.63355438   28 2
c207.txt   5.44979095459   3797.26473816   29 2
c208.txt   5.96001219749   3587.63355438   31 2
r101.txt   1.31288909912   653.117248146   5 2
r102.txt   0.749631881714   1304.3170158   9 2
r103.txt   0.737607955933   1536.6886117   11 2
r104.txt   0.642597913742   1806.4328429   14 2
r105.txt   0.776798963547   1319.66991856   7 2
r106.txt   0.711759805679   1477.02438959   10 2
r107.txt   0.714750051498   1631.23776198   12 2
r108.txt   0.633297204971   1937.67058682   15 2
r109.txt   2.35511112213   1739.36054875   10 2
r110.txt   2.37649798393   1766.77698231   10 2
r111.txt   0.718640089035   1714.86153715   13 2
r112.txt   0.6608710289   1635.0   12 2
1 5 10 2.5 20  allowable_time =  100

c101.txt   1.39013004303   1715.4021383   12 2
c102.txt   0.631489992142   2218.60627616   16 2
c103.txt   0.784368991852   2730.64097865   18 2
c104.txt   0.785336017609   3031.20728921   18 2
c105.txt   0.729146003723   2102.12609124   16 2
c106.txt   0.754725933075   2106.90717728   16 2
c107.txt   0.749429941177   2126.90717728   17 2
c108.txt   0.728721141815   2465.4021383   19 2
c109.txt   0.77285695076   2963.76767502   21 2
c201.txt   5.21690797806   1938.04594981   14 2
c202.txt   5.82655906677   2730.64097865   20 2
c203.txt   2.86561799049   3820.59341874   26 2
c204.txt   1.9589369297   3948.36609915   27 2
c205.txt   7.61309695244   2438.04594981   21 2
c206.txt   6.40861797333   3287.63355438   28 2
c207.txt   5.40949296951   3797.26473816   29 2
c208.txt   5.93369102478   3587.63355438   31 2
r101.txt   1.29201221466   605.45990073   6 2
r102.txt   0.745122909546   1304.3170158   9 2
r103.txt   0.734647989273   1536.6886117   11 2
r104.txt   0.655535936356   1806.4328429   14 2
r105.txt   0.777525901794   1319.66991856   7 2
r106.txt   0.708425045013   1477.02438959   10 2
r107.txt   0.735323905945   1631.23776198   12 2
r108.txt   0.636693000793   1937.67058682   15 2
r109.txt   2.38574099541   1739.36054875   10 2
r110.txt   2.38864088058   1766.77698231   10 2
r111.txt   0.719558000565   1714.86153715   13 2
r112.txt   0.663697957993   1635.0   12 2
1 10 10 2.5 20  allowable_time =  100
