three initial_selection:

vehicle = 3

c101.txt   20   1194.5505007   0.00688695907593 [1, 2, 3, 4, 5, 6, 7, 8, 9, 10, 11, 12, 13, 14, 15, 16, 17, 18, 19, 20]
c102.txt   20   1072.68784476   0.00738310813904 [1, 2, 3, 4, 5, 6, 7, 8, 9, 10, 11, 12, 13, 14, 15, 16, 17, 18, 19, 20]
c103.txt   20   1089.6916988   0.00974416732788 [1, 2, 3, 4, 5, 6, 7, 8, 9, 10, 11, 12, 13, 14, 15, 16, 17, 18, 19, 20]
c104.txt   20   1097.32591742   0.0104138851166 [1, 2, 3, 4, 5, 6, 7, 8, 9, 10, 11, 12, 13, 14, 15, 16, 17, 18, 19, 20]
c105.txt   20   1194.5505007   0.0131199359894 [1, 2, 3, 4, 5, 6, 7, 8, 9, 10, 11, 12, 13, 14, 15, 16, 17, 18, 19, 20]
c106.txt   20   1194.5505007   0.0135500431061 [1, 2, 3, 4, 5, 6, 7, 8, 9, 10, 11, 12, 13, 14, 15, 16, 17, 18, 19, 20]
c107.txt   19   1174.26177882   0.0682380199432 [1, 2, 3, 4, 5, 6, 7, 8, 9, 10, 11, 12, 13, 14, 15, 16, 18, 19, 20]
c108.txt   20   1265.28310844   0.0065450668335 [1, 2, 3, 4, 5, 6, 7, 8, 9, 10, 11, 12, 13, 14, 15, 16, 17, 18, 19, 20]
c109.txt   20   1290.477909   0.00645518302917 [1, 2, 3, 4, 5, 6, 7, 8, 9, 10, 11, 12, 13, 14, 15, 16, 17, 18, 19, 20]
c201.txt   20   1056.8229005   0.00536394119263 [1, 2, 3, 4, 5, 6, 7, 8, 9, 10, 11, 12, 13, 14, 15, 16, 17, 18, 19, 20]
c202.txt   20   1176.697329   0.00536108016968 [1, 2, 3, 4, 5, 6, 7, 8, 9, 10, 11, 12, 13, 14, 15, 16, 17, 18, 19, 20]
c203.txt   19   1142.26143008   0.0164880752563 [1, 2, 3, 5, 6, 7, 8, 9, 10, 11, 12, 13, 14, 15, 16, 17, 18, 19, 20]
c204.txt   20   1133.89931354   0.0193910598755 [1, 2, 3, 4, 5, 6, 7, 8, 9, 10, 11, 12, 13, 14, 15, 16, 17, 18, 19, 20]
c205.txt   19   1165.77778186   0.0519309043884 [1, 2, 3, 4, 5, 7, 8, 9, 10, 11, 12, 13, 14, 15, 16, 17, 18, 19, 20]
c206.txt   19   1165.77778186   0.0479757785797 [1, 2, 3, 4, 5, 7, 8, 9, 10, 11, 12, 13, 14, 15, 16, 17, 18, 19, 20]
c207.txt   19   1065.1873997   0.0399148464203 [1, 2, 3, 4, 5, 7, 8, 9, 10, 11, 12, 13, 14, 15, 16, 17, 18, 19, 20]
c208.txt   19   1165.77778186   0.0426788330078 [1, 2, 3, 4, 5, 7, 8, 9, 10, 11, 12, 13, 14, 15, 16, 17, 18, 19, 20]

vehicle = 2

c101.txt   17   1039.62984865   0.124890089035 [1, 2, 3, 5, 7, 8, 9, 10, 11, 12, 14, 15, 16, 17, 18, 19, 20]
c102.txt   14   879.480571581   0.523607969284 [1, 2, 3, 4, 5, 6, 7, 12, 13, 15, 16, 17, 18, 19]
c103.txt   14   900.867482749   0.207001924515 [1, 2, 3, 4, 5, 6, 7, 12, 13, 15, 16, 17, 18, 19]
c104.txt   18   1074.38780057   0.0232977867126 [1, 2, 3, 4, 5, 6, 7, 8, 9, 10, 11, 12, 14, 16, 17, 18, 19, 20]
c105.txt   19   1174.26177882   0.0226500034332 [1, 2, 3, 4, 5, 6, 7, 8, 9, 10, 11, 12, 13, 14, 15, 16, 18, 19, 20]
c106.txt   17   922.700822746   0.124211072922 [1, 3, 4, 5, 6, 7, 8, 9, 10, 11, 14, 15, 16, 17, 18, 19, 20]
c107.txt   19   1174.26177882   0.0530440807343 [1, 2, 3, 4, 5, 6, 7, 8, 9, 10, 11, 12, 13, 14, 15, 16, 18, 19, 20]
c108.txt   20   1265.28310844   0.00516796112061 [1, 2, 3, 4, 5, 6, 7, 8, 9, 10, 11, 12, 13, 14, 15, 16, 17, 18, 19, 20]
c109.txt   20   1290.477909   0.00521993637085 [1, 2, 3, 4, 5, 6, 7, 8, 9, 10, 11, 12, 13, 14, 15, 16, 17, 18, 19, 20]
c201.txt   20   1056.8229005   0.00559520721436 [1, 2, 3, 4, 5, 6, 7, 8, 9, 10, 11, 12, 13, 14, 15, 16, 17, 18, 19, 20]
c202.txt   20   1176.697329   0.00522303581238 [1, 2, 3, 4, 5, 6, 7, 8, 9, 10, 11, 12, 13, 14, 15, 16, 17, 18, 19, 20]
c203.txt   19   1142.26143008   0.016902923584 [1, 2, 3, 5, 6, 7, 8, 9, 10, 11, 12, 13, 14, 15, 16, 17, 18, 19, 20]
c204.txt   20   1133.89931354   0.00419497489929 [1, 2, 3, 4, 5, 6, 7, 8, 9, 10, 11, 12, 13, 14, 15, 16, 17, 18, 19, 20]
c205.txt   19   1165.77778186   0.0227429866791 [1, 2, 3, 4, 5, 7, 8, 9, 10, 11, 12, 13, 14, 15, 16, 17, 18, 19, 20,]
c206.txt   19   1165.77778186   0.0196352005005 [1, 2, 3, 4, 5, 7, 8, 9, 10, 11, 12, 13, 14, 15, 16, 17, 18, 19, 20]
c207.txt   19   1065.1873997   0.0197329521179 [1, 2, 3, 4, 5, 7, 8, 9, 10, 11, 12, 13, 14, 15, 16, 17, 18, 19, 20]
c208.txt   19   1165.77778186   0.0195801258087 [1, 2, 3, 4, 5, 7, 8, 9, 10, 11, 12, 13, 14, 15, 16, 17, 18, 19, 20]

vehicle = 1

c101.txt   9   696.755854024   0.0848200321198 [2, 12, 14, 15, 16, 17, 18, 19, 20]
c102.txt   8   584.275660708   0.0884618759155 [1, 2, 3, 5, 7, 12, 15, 16]
c103.txt   11   603.890184581   0.0836539268494 [1, 2, 3, 5, 7, 12, 14, 16, 18, 19, 20]
c104.txt   8   649.51451359   0.0872130393982 [2, 3, 5, 6, 7, 12, 15, 16]
c105.txt   11   569.47771442   0.462689161301 [1, 2, 4, 5, 6, 7, 8, 9, 10, 11, 20]
c106.txt   10   629.661794205   0.0855140686035 [1, 4, 6, 14, 15, 16, 17, 18, 19, 20]
c107.txt   11   569.47771442   0.915266036987 [1, 2, 4, 5, 6, 7, 8, 9, 10, 11, 20]
c108.txt   11   487.363469749   0.0973761081696 [1, 3, 4, 5, 6, 7, 8, 9, 10, 11, 20]
c109.txt   12   617.567884364   0.0906279087067 [1, 2, 3, 4, 5, 6, 7, 8, 9, 10, 11, 20]
c201.txt   17   1078.55096205   0.0373139381409 [1, 2, 3, 4, 5, 7, 8, 9, 10, 11, 12, 13, 14, 15, 16, 17, 20]
c202.txt   18   1170.06260404   0.0274670124054 [1, 2, 3, 4, 5, 7, 8, 9, 10, 11, 12, 13, 14, 15, 16, 17, 18, 19]
c203.txt   18   1158.27528014   0.0406219959259 [1, 2, 3, 5, 7, 8, 9, 10, 11, 12, 13, 14, 15, 16, 17, 18, 19, 20]
c204.txt   20   1133.89931354   0.00410509109497 [1, 2, 3, 4, 5, 6, 7, 8, 9, 10, 11, 12, 13, 14, 15, 16, 17, 18, 19, 20]
c205.txt   19   1165.77778186   0.0224349498749 [1, 2, 3, 4, 5, 7, 8, 9, 10, 11, 12, 13, 14, 15, 16, 17, 18, 19, 20]
c206.txt   19   1165.77778186   0.0495390892029 [1, 2, 3, 4, 5, 7, 8, 9, 10, 11, 12, 13, 14, 15, 16, 17, 18, 19, 20]
c207.txt   19   1065.1873997   0.0223639011383 [1, 2, 3, 4, 5, 7, 8, 9, 10, 11, 12, 13, 14, 15, 16, 17, 18, 19, 20]
c208.txt   19   1177.22093991   0.00785088539124 [1, 2, 3, 4, 5, 7, 8, 9, 10, 11, 12, 13, 14, 15, 16, 17, 18, 19, 20]


