c101.txt 19 1275.66948214 10800.360827 1 2 3 4 5 6 7 8 9 10 11 12 13 14 15 16 17 18 19 
c102.txt 19 1294.77845634 517.326348066 1 2 3 4 5 6 7 8 9 10 11 12 13 14 15 16 17 18 19 
c103.txt 19 1301.58727252 912.15743804 1 2 3 4 5 6 7 8 9 10 11 12 13 14 15 16 17 18 19 
c104.txt 19 1306.83024597 372.390980959 1 2 3 4 5 6 7 8 9 10 11 12 13 14 15 16 17 18 19 	
c105.txt 18 1267.10289836 10800.391032 1 2 3 4 5 6 7 8 9 10 11 12 13 14 15 17 18 19 		
c106.txt 15 1171.27046872 10800.76333 1 2 3 4 5 6 7 8 9 10 11 12 15 16 17 			

c101.txt 19 1275.66948214 1278.54599441  0.0022549040377210800.338706 [1, 2, 3, 4, 5, 6, 7, 8, 9, 10, 11, 12, 13, 14, 15, 16, 17, 18, 19, ]

c105.txt 18 1267.10289836 1300.24474777  0.026155610135610800.349045 [1, 2, 3, 4, 5, 6, 7, 8, 9, 10, 11, 12, 13, 14, 15, 17, 18, 19, ]
c106.txt 15 1171.27046872 1282.94815988  0.095347483046310800.7762671 [1, 2, 3, 4, 5, 6, 7, 8, 9, 10, 11, 12, 15, 16, 17, ]
c107.txt 16 1196.91509607 1312.55400297  0.096614126833110801.1907461 [1, 2, 3, 4, 5, 6, 7, 8, 9, 10, 11, 12, 13, 14, 15, 16, ]
c108.txt 17 1223.17574151 1312.13825973  0.072730773838410800.692065 [1, 2, 3, 4, 5, 6, 7, 8, 9, 10, 11, 12, 13, 15, 17, 18, 19, ]
c109.txt 18 1293.49548345 1310.33705711  0.013020202912610800.68682 [1, 2, 3, 4, 5, 6, 7, 8, 9, 10, 11, 12, 13, 14, 15, 17, 18, 19, ]
c201.txt 19 1204.15036255 1243.38962354  0.032586678712810800.6366279 [1, 2, 3, 4, 5, 6, 7, 8, 9, 10, 11, 12, 13, 14, 15, 16, 17, 18, 19, ]
c202.txt 19 1250.75201995 1257.4188779  0.0053302795835310807.5116169 [1, 2, 3, 4, 5, 6, 7, 8, 9, 10, 11, 12, 13, 14, 15, 16, 17, 18, 19, ]
c203.txt 19 1249.61660249 1259.26483178  0.0077209515850213160.2803731 [1, 2, 3, 4, 5, 6, 7, 8, 9, 10, 11, 12, 13, 14, 15, 16, 17, 18, 19, ]
c204.txt 19 1262.3640655 1262.36406544  0.06264.30410004 [1, 2, 3, 4, 5, 6, 7, 8, 9, 10, 11, 12, 13, 14, 15, 16, 17, 18, 19, ]
c205.txt 18 1223.31038136 1261.79448817  0.031458988169710800.5207369 [1, 2, 3, 4, 6, 7, 8, 9, 10, 11, 12, 13, 14, 15, 16, 17, 18, 19, ]
c206.txt 18 1221.58240046 1259.41234515  0.030967984377810802.3717771 [1, 2, 3, 4, 6, 7, 8, 9, 10, 11, 12, 13, 14, 15, 16, 17, 18, 19, ]
c207.txt 18 1216.44920255 1254.03226958  0.030895714299510800.344557 [1, 2, 3, 4, 6, 7, 8, 9, 10, 11, 12, 13, 14, 15, 16, 17, 18, 19, ]
c208.txt 19 1224.58252944 1259.6451208  0.028632281217810807.4022851 [1, 2, 3, 4, 5, 6, 7, 8, 9, 10, 11, 12, 13, 14, 15, 16, 17, 18, 19, ]

vehicle=3



c101.txt 19 1275.66947591 1275.79235026  9.63214672673e-058576.00796604 [1, 2, 3, 4, 5, 6, 7, 8, 9, 10, 11, 12, 13, 14, 15, 16, 17, 18, 19, ]
c102.txt 19 1294.77845634 1294.89902014  9.31153891178e-0510636.53687 [1, 2, 3, 4, 5, 6, 7, 8, 9, 10, 11, 12, 13, 14, 15, 16, 17, 18, 19, ]
c103.txt 19 1301.58727252 1301.70219952  8.82975773525e-052148.95514202 [1, 2, 3, 4, 5, 6, 7, 8, 9, 10, 11, 12, 13, 14, 15, 16, 17, 18, 19, ]
c104.txt 19 1306.83024597 1306.95336338  9.42107106508e-056104.91747689 [1, 2, 3, 4, 5, 6, 7, 8, 9, 10, 11, 12, 13, 14, 15, 16, 17, 18, 19, ]
c105.txt 19 1275.66948776 1293.01006317  0.013593313615110800.5746648 [1, 2, 3, 4, 5, 6, 7, 8, 9, 10, 11, 12, 13, 14, 15, 16, 17, 18, 19, ]
c106.txt 19 1275.66949093 1278.6468671  0.002333971448328067.46598792 [1, 2, 3, 4, 5, 6, 7, 8, 9, 10, 11, 12, 13, 14, 15, 16, 17, 18, 19, ]
c107.txt 19 1235.36033394 1317.39097775  0.066402199869310800.5157499 [1, 2, 3, 4, 5, 6, 7, 8, 9, 10, 11, 12, 13, 14, 15, 16, 17, 18, 19, ]
c108.txt 18 1235.42413186 1320.24320364  0.068655832113610800.84003 [1, 2, 3, 4, 5, 6, 7, 8, 9, 10, 11, 12, 13, 14, 15, 17, 18, 19, ]
c109.txt 19 1274.60366675 1318.64273262  0.034551184042910800.7177091 [1, 2, 3, 4, 5, 6, 7, 8, 9, 10, 11, 12, 13, 14, 15, 16, 17, 18, 19, ]
c201.txt 19 1208.9623976 1252.64240546  0.036130162481910800.868675 [1, 2, 3, 4, 5, 6, 7, 8, 9, 10, 11, 12, 13, 14, 15, 16, 17, 18, 19, ]
c202.txt 19 1250.56337616 1261.59155807  0.0088185709856510800.9800861 [1, 2, 3, 4, 5, 6, 7, 8, 9, 10, 11, 12, 13, 14, 15, 16, 17, 18, 19, ]
c203.txt 19 1248.49073413 1259.55580799  0.0088627600972410801.629811 [1, 2, 3, 4, 5, 6, 7, 8, 9, 10, 11, 12, 13, 14, 15, 16, 17, 18, 19, ]
c204.txt 19 1262.36405538 1266.14707568  0.002996774410782972.0669651 [1, 2, 3, 4, 5, 6, 7, 8, 9, 10, 11, 12, 13, 14, 15, 16, 17, 18, 19, ]
c205.txt 19 1220.75902705 1260.49872142  0.032553266846910800.5975301 [1, 2, 3, 4, 5, 6, 7, 8, 9, 10, 11, 12, 13, 14, 15, 16, 17, 18, 19, ]
c206.txt 19 1222.60725663 1257.55146303  0.028581710280210801.9379659 [1, 2, 3, 4, 5, 6, 7, 8, 9, 10, 11, 12, 13, 14, 15, 16, 17, 18, 19, ]
c207.txt 18 1215.85265645 1257.02244082  0.033860833504310802.1553791 [1, 2, 3, 4, 6, 7, 8, 9, 10, 11, 12, 13, 14, 15, 16, 17, 18, 19, ]
c208.txt 19 1228.54411675 1258.57929717  0.024447783364110801.461961 [1, 2, 3, 4, 5, 6, 7, 8, 9, 10, 11, 12, 13, 14, 15, 16, 17, 18, 19, ]

vehicle=1

c101.txt 7 741.380937235 742.588596484  0.001628932157183247.6938231 [1, 2, 6, 12, 13, 14, 15, ]
c102.txt 10 757.762499817 759.766982981  0.00264526571928680.428869009 [1, 2, 3, 6, 7, 9, 11, 13, 15, 17, ]
c103.txt 10 757.762499817 759.170996385  0.0018587572859784.5217158794 [1, 2, 3, 6, 7, 9, 11, 13, 15, 17, ]
c104.txt 10 757.762519635 760.008722302  0.00296425675364538.619349003 [1, 2, 3, 6, 7, 9, 11, 13, 15, 17, ]
c105.txt 10 746.035435793 748.272809095  0.002999017466163057.4114809 [1, 2, 6, 9, 11, 13, 15, 17, 18, 19, ]
c106.txt 7 741.518218877 743.737658631  0.00299310212088712.187232971 [1, 2, 6, 9, 12, 13, 15, ]
c107.txt 8 735.52768487 757.586944955  0.0299910670110800.2157919 [1, 2, 6, 7, 8, 9, 11, 15, ]
c108.txt 7 738.357273207 761.119750116  0.030828540239810800.5855439 [1, 2, 6, 8, 9, 13, 15, ]
c109.txt 9 750.478444388 759.974915866  0.012653889727210800.4775469 [1, 2, 6, 7, 8, 9, 11, 13, 15, ]
c201.txt 16 1188.84020799 1227.40454759  0.032438623237710801.0551772 [1, 2, 3, 7, 8, 9, 10, 11, 12, 13, 14, 15, 16, 17, 18, 19, ]
c202.txt 19 1245.68421323 1255.70279474  0.008042633443410808.3654399 [1, 2, 3, 4, 5, 6, 7, 8, 9, 10, 11, 12, 13, 14, 15, 16, 17, 18, 19, ]

c203.txt 18 1229.95511946 1257.8024533  0.02264093493732564.41197491 [1, 2, 3, 5, 6, 7, 8, 9, 10, 11, 12, 13, 14, 15, 16, 17, 18, 19, ]
c204.txt 19 1261.84473224 1265.62864467  0.002998714771825.7757060528 [1, 2, 3, 4, 5, 6, 7, 8, 9, 10, 11, 12, 13, 14, 15, 16, 17, 18, 19, ]
c205.txt 17 1213.25242943 1249.32513811  0.029732236923210800.2018428 [1, 2, 3, 4, 7, 8, 9, 10, 11, 12, 13, 14, 15, 16, 17, 18, 19, ]
