#!/usr/bin/env python2
# -*- coding: utf-8 -*-
"""
Created on Sun Mar 24 18:31:02 2019

c101.txt   3.69554686546   1663.76767502   11 2
c102.txt   1.83038187027   2218.60627616   16 2
c103.txt   2.24256801605   2730.64097865   18 2
c104.txt   2.2755048275   3031.20728921   18 2
c105.txt   2.01890301704   2107.66701144   16 2
c106.txt   2.00751614571   2112.44809747   16 2
c107.txt   2.02812600136   2082.44809747   16 2
c108.txt   2.13585495949   2465.4021383   19 2
c109.txt   2.30112910271   2963.76767502   21 2
c201.txt   4.31070303917   1869.30642021   12 2
c202.txt   7.4815568924   2730.64097865   20 2
c203.txt   9.6428501606   3793.20340901   26 2
c204.txt   5.86819791794   4493.79777338   27 2
c205.txt   9.42899298668   2412.6589461   20 2
c206.txt   10.7797801495   3287.63355438   28 2
c207.txt   9.39661192894   3737.63355438   28 2
c208.txt   10.1542069912   3587.63355438   31 2
r101.txt   3.21769189835   653.117248146   5 2
r102.txt   2.41711592674   1200.50996842   9 2
r103.txt   2.19631409645   1536.6886117   11 2
r104.txt   1.93533301353   1806.4328429   14 2
r105.txt   5.83567595482   956.740395326   7 2
r106.txt   2.05850195885   1467.89079376   10 2
r107.txt   2.17237210274   1631.23776198   12 2
r108.txt   1.94197297096   1937.67058682   15 2
r109.txt   4.27517294884   1711.70765737   10 2
r110.txt   3.53837704659   1395.86592961   10 2
r111.txt   2.15809798241   1714.86153715   13 2
r112.txt   2.0108499527   1635.0   12 2
1 1 10 2.5 20  allowable_time =  120
c101.txt   3.82482910156   1663.76767502   11 2
c102.txt   1.85278892517   2218.60627616   16 2
c103.txt   2.21752095222   2730.64097865   18 2
c104.txt   2.22691917419   3031.20728921   18 2
c105.txt   2.09295606613   2107.66701144   16 2
c106.txt   2.02201485634   2112.44809747   16 2
c107.txt   2.04319286346   2082.44809747   16 2
c108.txt   2.16673517227   2465.4021383   19 2
c109.txt   2.34596610069   2963.76767502   21 2
c201.txt   5.59340596199   1869.30642021   12 2
c202.txt   7.77127599716   2730.64097865   20 2
c203.txt   9.93069696426   3793.20340901   26 2
c204.txt   5.87786984444   4498.43156102   27 2
c205.txt   6.94392800331   2412.6589461   20 2
c206.txt   11.1131100655   3287.63355438   28 2
c207.txt   7.27149105072   3737.63355438   28 2
c208.txt   10.9594421387   3587.63355438   31 2
r101.txt   3.31284403801   653.117248146   5 2
r102.txt   2.48311090469   1200.50996842   9 2
r103.txt   2.22707605362   1536.6886117   11 2
r104.txt   1.92937684059   1806.4328429   14 2
r105.txt   5.90746688843   956.740395326   7 2
r106.txt   2.05801105499   1491.44506798   10 2
r107.txt   2.26778101921   1631.23776198   12 2
r108.txt   1.94401597977   1937.67058682   15 2
r109.txt   4.33330512047   1711.70765737   10 2
r110.txt   3.5579199791   1395.86592961   10 2
r111.txt   2.19170498848   1714.86153715   13 2
r112.txt   1.98787593842   1635.0   12 2
1 1 10 2.5 20  allowable_time =  140

c101.txt   4.20379304886   1663.76767502   11 2
c102.txt   1.79814505577   2218.60627616   16 2
c103.txt   2.24202489853   2730.64097865   18 2
c104.txt   2.27567696571   3031.20728921   18 2
c105.txt   2.02979302406   2107.66701144   16 2
c106.txt   2.04790592194   2112.44809747   16 2
c107.txt   2.01303792   2082.44809747   16 2
c108.txt   2.14575695992   2465.4021383   19 2
c109.txt   2.31353712082   2963.76767502   21 2
c201.txt   4.00075817108   1869.30642021   12 2
c202.txt   9.65801692009   2730.64097865   20 2
c203.txt   8.26561999321   3793.20340901   26 2
c204.txt   5.97620892525   4498.43156102   27 2
c205.txt   10.8273029327   2412.6589461   20 2
c206.txt   10.2750840187   3287.63355438   28 2
c207.txt   9.36118912697   3737.63355438   28 2
c208.txt   10.8947560787   3587.63355438   31 2
r101.txt   3.37580513954   653.117248146   5 2
r102.txt   2.81722307205   1200.50996842   9 2
r103.txt   2.24661612511   1536.6886117   11 2
r104.txt   1.93887400627   1806.4328429   14 2
r105.txt   6.0275080204   956.740395326   7 2
r106.txt   2.06628489494   1491.44506798   10 2
r107.txt   2.19132995605   1631.23776198   12 2
r108.txt   1.91402888298   1937.67058682   15 2
r109.txt   4.27418518066   1711.70765737   10 2
r110.txt   3.41219687462   1395.86592961   10 2
r111.txt   2.1871919632   1714.86153715   13 2
r112.txt   1.99143910408   1635.0   12 2
1 1 10 2.5 20  allowable_time =  160

c101.txt   11   1663.76767502   4.12002015114
c102.txt   16   2218.60627616   1.83971309662
c103.txt   18   2730.64097865   2.20795607567
c104.txt   18   3031.20728921   2.20920801163
c105.txt   16   2107.66701144   1.99129986763
c106.txt   16   2112.44809747   2.05046701431
c107.txt   16   2082.44809747   2.02853894234
c108.txt   19   2465.4021383   2.21505689621
c109.txt   21   2963.76767502   2.31435012817
c201.txt   12   1869.30642021   4.41105604172
c202.txt   20   2730.64097865   8.1039750576
c203.txt   26   3793.20340901   10.2761900425
c204.txt   27   4498.43156102   5.94409894943
c205.txt   20   2412.6589461   11.1873991489
c206.txt   28   3287.63355438   10.7834229469
c207.txt   28   3737.63355438   9.59150385857
c208.txt   31   3587.63355438   10.5129868984
r101.txt   5   653.117248146   3.4956099987
r102.txt   9   1200.50996842   2.48475885391
r103.txt   11   1536.6886117   2.2519929409
r104.txt   14   1806.4328429   1.92478609085
r105.txt   7   956.740395326   5.94777202606
r106.txt   10   1491.44506798   2.06077599525
r107.txt   12   1631.23776198   2.19785499573
r108.txt   15   1937.67058682   1.92973089218
r109.txt   10   1711.70765737   4.29628181458
r110.txt   10   1395.86592961   3.51470899582
r111.txt   13   1714.86153715   2.18229389191
r112.txt   12   1635.0   1.9704720974
1 1 10 2.5 20  allowable_time =  200
